
1897925266
7154131325
5702732704
7121363510
5721464933
6299482339
5944974226
5565440746
6388516481
6273125657
5730574481
5750747469
5823474754
1139664080
6057769743
6239071942
1383241748
1358609520
5817502774
5958239714
6717004407
5483462814
6199850209
6076720545
6628218693
5651291226
6299670083
6570009037
6330983025
5050863327
6902078813
6400983585
7053471308
7173262970
6595579022
6480563449
5834508137
6097910387
5297036938
716294792
6375168425
2087721386
1026252760
7163772302
6457585256
943040501
1353452165
6744029197
6510770644
5614931316
7234098685
6094909390
6067324243
7176798576
6097885667
5819317484
1949446104
6150504681
5981581358
5486443279
5964449680
5927083908
5931695828
5603672235
2042630392
6701078974
637678112
6042093770
1074070169
6664489119
6102003176
5219449985
7052584447
5579295243
5504324364
1708191949
7161635814
5383623467